Version 0.9.7
5
 4 10 175 77 128 0 1
 5 80 400 206 81 2 2
 0 143 122 877 276 8 3
 1 284 423 206 81 140 4
 3 317 22 203 58 150 5
 0
26
 255 5 71 189 71 189 71 149 71 149 196 149 196 149 0 1 0 3
 255 5 300 188 300 188 300 188 300 149 300 149 300 149 0 3 0 3
 255 5 456 188 456 188 456 188 456 149 456 149 456 149 0 3 0 3
 255 5 612 188 612 188 612 188 612 149 612 149 612 149 0 3 0 3
 255 5 209 149 209 149 206 149 206 383 209 383 209 383 0 3 0 3
 255 5 299 434 299 434 313 434 313 434 313 383 313 383 0 4 0 3
 0 5 71 288 71 288 71 370 71 370 196 370 196 370 0 1 0 3
 0 5 222 370 222 370 222 370 222 136 222 136 222 136 0 3 0 3
 0 5 299 492 299 492 274 492 274 492 274 370 274 370 0 4 0 3
 0 5 328 59 328 59 328 136 328 136 326 136 326 136 0 5 0 3
 0 5 534 331 534 331 534 331 534 370 534 370 534 370 0 3 0 3
 0 5 690 331 690 331 690 331 690 370 690 370 690 370 0 3 0 3
 0 5 378 331 378 331 378 331 378 370 378 370 378 370 0 3 0 3
 16777088 5 359 434 359 434 359 342 456 342 456 331 456 331 0 4 0 3
 16777088 5 612 331 612 331 612 340 469 340 469 331 469 331 0 3 0 3
 8454143 5 340 434 340 434 340 348 482 348 482 331 482 331 0 4 0 3
 8454143 5 482 318 482 318 482 324 300 324 300 318 300 318 0 3 0 3
 8454016 5 313 331 313 331 313 340 378 340 378 434 378 434 0 3 0 4
 8454016 5 326 318 326 318 326 312 625 312 625 318 625 318 0 3 0 3
 8454016 5 638 318 638 318 619 318 619 227 625 227 625 227 0 3 0 3
 4227327 5 397 434 397 434 397 336 339 336 339 331 339 331 0 4 0 3
 4227327 5 300 305 300 305 300 305 352 305 352 305 352 305 0 3 0 3
 4227327 5 365 305 365 305 365 235 307 235 307 227 313 227 0 3 0 3
 4227327 5 313 318 313 318 301 318 301 214 326 214 326 214 0 3 0 3
 4227327 5 339 214 339 214 339 214 638 214 638 214 638 214 0 3 0 3
 16711935 5 651 214 651 214 651 84 363 84 363 66 363 66 0 3 0 5
3
 7008 1 14 294 240 5 0 0 0 3
 7004 1 14 450 240 5 0 0 0 3
 7032 1 14 606 240 5 0 0 0 3
