Version 0.9.7
5
 4 7 181 77 128 0 1
 5 80 400 206 81 2 2
 0 110 110 877 276 8 3
 1 173 391 206 81 150 5
 3 187 10 203 58 160 6
 0
18
 255 5 163 137 163 137 163 131 68 131 68 195 68 195 0 3 0 1
 255 5 228 176 228 176 235 176 235 137 228 137 228 137 0 3 0 3
 255 5 358 176 358 176 354 176 354 137 358 137 358 137 0 3 0 3
 16711808 5 68 294 68 294 68 364 163 364 163 358 163 358 0 1 0 3
 16711808 5 436 319 436 319 442 319 442 358 436 358 436 358 0 3 0 3
 16711808 5 198 47 198 47 198 71 224 71 224 124 228 124 0 6 0 3
 16711680 5 176 358 176 358 176 358 176 124 176 124 176 124 0 3 0 3
 16711680 5 188 460 188 460 182 460 182 358 189 358 189 358 0 5 0 3
 255 5 189 137 189 137 189 137 189 371 189 371 189 371 0 3 0 3
 255 5 188 402 188 402 202 402 202 402 202 358 202 358 0 5 0 3
 65535 5 229 402 229 402 223 402 223 280 228 280 228 280 0 5 0 3
 65535 5 248 402 248 402 238 402 238 280 241 280 241 280 0 5 0 3
 65535 5 254 280 254 280 254 288 358 288 358 280 358 280 0 3 0 3
 16711680 5 306 319 306 319 306 319 306 358 306 358 306 358 0 3 0 3
 8454016 5 267 402 267 402 283 402 283 293 280 293 280 293 0 5 0 3
 8454016 5 293 293 293 293 293 295 371 295 371 280 371 280 0 3 0 3
 8454016 5 241 293 241 293 241 298 267 298 267 293 267 293 0 3 0 3
 8454016 5 384 280 384 280 447 280 447 54 373 54 373 54 0 3 0 6
2
 7008 1 14 222 228 5 0 0 0 3
 7032 1 14 352 228 5 0 0 0 3
