Version 0.9.7
5
 4 10 175 77 128 0 1
 5 80 400 206 81 2 2
 0 130 90 877 276 8 3
 1 229 387 206 81 140 4
 3 125 2 203 58 150 6
 0
25
 16744448 5 136 39 136 39 136 86 274 86 274 104 274 104 0 6 0 3
 16744448 5 71 288 71 288 71 324 183 324 183 338 183 338 0 1 0 3
 16744448 5 183 104 183 104 187 104 187 338 196 338 196 338 0 3 0 3
 16744448 5 244 456 244 456 220 456 220 338 222 338 222 338 0 4 0 3
 255 5 71 189 71 189 71 114 183 114 183 117 183 117 0 1 0 3
 8454143 5 287 273 287 273 287 278 326 278 326 273 326 273 0 3 0 3
 65280 5 300 286 300 286 275 286 275 190 300 190 300 195 0 3 0 3
 65280 5 326 195 326 195 326 187 495 187 495 195 495 195 0 3 0 3
 65280 5 339 286 339 286 346 286 346 195 339 195 339 195 0 3 0 3
 65280 5 339 182 339 182 339 174 508 174 508 195 508 195 0 3 0 3
 65535 5 285 398 285 398 281 398 281 299 287 299 287 299 0 4 0 3
 65535 5 304 398 304 398 295 398 295 299 300 299 300 299 0 4 0 3
 65408 5 323 398 323 398 307 398 307 195 313 195 313 195 0 4 0 3
 8454143 5 342 398 342 398 335 398 335 299 339 299 339 299 0 4 0 3
 8454143 5 313 299 313 299 313 305 482 305 482 299 482 299 0 3 0 3
 8454143 5 352 299 352 299 352 312 495 312 495 299 495 299 0 3 0 3
 16777088 5 521 195 521 195 528 195 528 273 521 273 521 273 0 3 0 3
 16777088 5 508 286 508 286 508 291 534 291 534 286 534 286 0 3 0 3
 16777088 5 534 273 543 273 543 128 171 128 171 46 171 46 0 3 0 6
 255 5 248 351 248 351 243 351 243 398 244 398 244 398 0 3 0 4
 255 5 196 117 196 117 202 117 202 351 209 351 209 351 0 3 0 3
 16711680 5 365 299 365 299 365 299 365 338 365 338 365 338 0 3 0 3
 16711680 5 560 299 560 299 560 299 560 338 560 338 560 338 0 3 0 3
 255 5 287 156 287 156 287 156 287 117 287 117 287 117 0 3 0 3
 255 5 482 156 482 156 482 156 482 117 482 117 482 117 0 3 0 3
2
 7008 1 14 281 208 5 0 0 0 3
 7032 1 14 476 208 5 0 0 0 3
