Version 0.9.7
7
 4 10 175 77 128 0 1
 5 80 400 206 81 2 2
 0 130 130 877 276 8 3
 1 169 421 206 81 140 4
 3 136 38 203 58 150 5
 3 589 40 203 58 203 8
 1 564 419 206 81 224 9
 0
37
 255 5 183 157 183 157 71 157 71 157 71 189 71 189 0 3 0 1
 255 5 184 432 184 432 213 432 213 391 209 391 209 391 0 4 0 3
 0 5 71 288 71 288 71 370 183 370 183 378 183 378 0 1 0 3
 0 5 196 378 196 379 185 379 185 144 196 144 196 144 0 3 0 3
 0 5 147 75 138 75 138 100 175 100 175 144 183 144 0 5 0 3
 255 5 196 157 196 157 193 157 193 391 196 391 196 391 0 3 0 3
 255 5 274 196 274 196 268 196 268 157 274 157 274 157 0 3 0 3
 255 5 521 196 521 196 518 196 518 157 521 157 521 157 0 3 0 3
 0 5 352 339 352 339 348 339 348 378 352 378 352 378 0 3 0 3
 0 5 184 490 184 490 169 490 169 398 209 398 209 378 0 4 0 3
 0 5 469 339 469 335 463 335 463 378 469 378 469 378 0 3 0 3
 0 5 599 339 599 339 594 339 594 379 599 379 599 378 0 3 0 3
 255 5 391 196 391 196 387 196 387 157 391 157 391 157 0 3 0 3
 65535 5 282 432 282 432 282 432 287 432 287 339 287 339 0 4 0 3
 65535 5 263 432 260 432 260 351 391 351 391 339 391 339 0 4 0 3
 65535 5 404 339 404 339 404 346 274 346 274 339 274 339 0 3 0 3
 8454143 5 300 339 300 339 300 332 521 332 521 339 521 339 0 3 0 3
 33023 5 225 432 225 432 225 354 313 354 313 339 313 339 0 4 0 3
 33023 5 244 432 244 432 244 360 326 360 326 339 326 339 0 4 0 3
 33023 5 339 326 339 326 339 245 287 245 287 235 287 235 0 3 0 3
 33023 5 391 326 386 326 386 241 300 241 300 235 300 235 0 3 0 3
 33023 5 313 235 313 235 313 229 534 229 534 339 534 339 0 3 0 3
 16744448 5 547 339 543 339 543 127 182 127 182 82 182 82 0 3 0 5
 255 5 664 196 664 196 664 196 664 157 664 157 664 157 0 3 0 3
 0 5 742 339 742 339 748 339 748 378 742 378 742 378 0 3 0 3
 255 5 781 196 781 196 781 196 781 157 781 157 781 157 0 3 0 3
 255 5 579 430 579 430 579 413 645 413 645 391 651 391 0 9 0 3
 65793 5 859 339 859 339 864 339 864 378 859 378 859 378 0 3 0 3
 65793 5 600 77 594 77 594 130 664 130 664 144 664 144 0 8 0 3
 65793 5 579 488 579 488 579 385 612 385 612 378 612 378 0 9 0 3
 65535 5 690 339 690 339 690 346 781 346 781 339 781 339 0 3 0 3
 65535 5 677 430 677 430 677 430 677 339 677 339 677 339 0 9 0 3
 65535 5 658 430 658 430 661 430 661 339 664 339 664 339 0 9 0 3
 65280 5 639 430 639 430 639 413 703 413 703 339 703 339 0 9 0 3
 65280 5 677 326 677 326 677 320 716 320 716 326 716 326 0 3 0 3
 65280 5 729 326 729 326 729 321 794 321 794 326 794 326 0 3 0 3
 65280 5 807 326 807 326 869 326 869 100 635 100 635 84 0 3 0 8
5
 7008 1 14 268 248 5 0 0 0 3
 7004 1 14 385 248 5 0 0 0 3
 7032 1 14 515 248 5 0 0 0 3
 7008 1 14 658 248 5 0 0 0 3
 7032 1 14 775 248 5 0 0 0 3
