Version 0.9.7
5
 4 10 175 77 128 0 1
 5 80 400 206 81 2 2
 0 98 131 877 276 8 3
 1 201 420 206 81 140 4
 3 367 31 203 58 150 5
 0
20
 0 5 489 340 489 340 489 340 489 379 489 379 489 379 0 3 0 3
 0 5 320 340 320 340 320 340 320 379 320 379 320 379 0 3 0 3
 0 5 151 379 151 379 71 379 71 379 71 288 71 288 0 3 0 1
 0 5 216 489 216 489 177 489 177 489 177 379 177 379 0 4 0 3
 255 5 71 189 71 189 71 158 71 158 151 158 151 158 0 1 0 3
 255 5 242 197 242 197 242 197 242 158 242 158 242 158 0 3 0 3
 255 5 411 197 411 197 411 197 411 158 411 158 411 158 0 3 0 3
 0 5 378 68 378 68 359 68 359 68 359 145 359 145 0 5 0 3
 0 5 164 379 164 379 159 379 159 145 164 145 164 145 0 3 0 3
 255 5 164 158 164 158 168 158 168 392 164 392 164 392 0 3 0 3
 255 5 216 431 216 431 216 431 216 392 216 392 216 392 0 4 0 3
 65535 5 257 431 257 431 243 431 243 340 242 340 242 340 0 4 0 3
 65535 5 255 340 255 353 281 353 281 431 295 431 295 431 0 3 0 4
 65535 5 268 340 268 340 268 346 411 346 411 340 411 340 0 3 0 3
 65280 5 242 327 242 327 242 319 281 319 281 327 281 327 0 3 0 3
 65280 5 276 431 273 431 273 359 294 359 294 340 294 340 0 4 0 3
 65280 5 307 327 329 327 329 245 255 245 255 236 255 236 0 3 0 3
 65280 5 314 431 314 431 314 253 268 253 268 236 268 236 0 4 0 3
 65280 5 281 236 281 236 281 243 421 243 421 340 424 340 0 3 0 3
 4227327 5 437 340 437 340 478 340 478 92 413 92 413 75 0 3 0 5
2
 7008 1 14 236 249 5 0 0 0 3
 7032 1 14 405 249 5 0 0 0 3
