Version 0.9.7
5
 4 10 175 77 128 0 1
 5 77 404 206 81 2 2
 0 170 170 877 276 8 3
 1 299 463 206 81 140 4
 3 161 12 203 58 150 5
 0
17
 8454016 5 522 340 522 340 587 340 587 56 347 56 347 56 0 3 0 5
 65535 5 355 474 355 474 335 474 335 340 314 340 314 340 0 4 0 3
 65535 5 327 353 327 353 327 363 348 363 348 474 374 474 0 3 0 4
 65535 5 314 353 314 353 314 360 353 360 353 353 353 353 0 3 0 3
 16777088 5 353 366 353 366 353 364 496 364 496 353 496 353 0 3 0 3
 16777088 5 340 340 340 340 340 345 509 345 509 340 509 340 0 3 0 3
 16744448 5 236 418 236 418 240 418 240 184 236 184 236 184 0 3 0 3
 16744448 5 71 288 71 288 71 418 71 418 223 418 223 418 0 1 0 3
 16744448 5 314 532 314 532 262 532 262 532 262 418 262 418 0 4 0 3
 16744448 5 172 49 172 49 172 184 172 184 223 184 223 184 0 5 0 3
 255 5 71 189 71 189 71 191 223 191 223 197 223 197 0 1 0 3
 255 5 249 197 249 197 246 197 246 431 249 431 249 431 0 3 0 3
 255 5 314 474 314 474 314 442 269 442 269 418 275 418 0 4 0 3
 255 5 314 236 314 236 314 236 314 197 314 197 314 197 0 3 0 3
 255 5 496 236 496 236 496 236 496 197 496 197 496 197 0 3 0 3
 16744448 5 574 379 574 379 574 379 574 418 574 418 574 418 0 3 0 3
 16744448 5 392 379 392 379 392 379 392 418 392 418 392 418 0 3 0 3
2
 7008 1 14 308 288 5 0 0 0 3
 7032 1 14 490 288 5 0 0 0 3
